%a
atan(6/7)

%b
R = [cos(0.3543), sin(0.3543), 0; 
    -sin(0.3543), cos(0.3543), 0; 
    0, 0, 1]

Rt = R'

A1 = [10, 3, 0; 
      3, 3, -2; 
      0, -2, 1];


A2 = R * A1 *Rt
